-7.44 4.92 1.19 34.44 2.76 -50.34 -0.37 1.08 -0.58 0
-7.44 4.92 1.11 30.59 4.98 -53.94 -1.19 -0.78 -0.86 0
-7.44 4.92 1.19 34.44 2.76 -50.34 -0.37 1.08 -0.58 0
-7.44 4.92 1.11 30.59 4.98 -53.94 -1.19 -0.78 -0.86 0
-7.44 4.92 1.19 34.44 2.76 -50.34 -0.37 1.08 -0.58 0
-7.44 4.92 1.11 30.59 4.98 -53.94 -1.19 -0.78 -0.86 0
-7.44 4.92 1.19 34.44 2.76 -50.34 -0.37 1.08 -0.58 0
-7.44 4.92 1.11 30.59 4.98 -53.94 -1.19 -0.78 -0.86 0
-7.44 4.92 1.19 34.44 2.76 -50.34 -0.37 1.08 -0.58 0
-7.44 4.92 1.11 30.59 4.98 -53.94 -1.19 -0.78 -0.86 0
-7.44 4.92 1.19 34.44 2.76 -50.34 -0.37 1.08 -0.58 0
-7.44 4.92 1.11 30.59 4.98 -53.94 -1.19 -0.78 -0.86 0
-7.44 4.92 1.19 34.44 2.76 -50.34 -0.37 1.08 -0.58 0
-7.44 4.92 1.11 30.59 4.98 -53.94 -1.19 -0.78 -0.86 0
-7.44 4.92 1.19 34.44 2.76 -50.34 -0.37 1.08 -0.58 0
-7.44 4.92 1.11 30.59 4.98 -53.94 -1.19 -0.78 -0.86 0
-7.44 4.92 1.19 34.44 2.76 -50.34 -0.37 1.08 -0.58 0
-7.44 4.92 1.11 30.59 4.98 -53.94 -1.19 -0.78 -0.86 0
-7.44 4.92 1.19 34.44 2.76 -50.34 -0.37 1.08 -0.58 0
-7.44 4.92 1.11 30.59 4.98 -53.94 -1.19 -0.78 -0.86 0
-7.44 4.92 1.19 34.44 2.76 -50.34 -0.37 1.08 -0.58 0
-7.44 4.92 1.11 30.59 4.98 -53.94 -1.19 -0.78 -0.86 0
-7.44 4.92 1.19 34.44 2.76 -50.34 -0.37 1.08 -0.58 0
-7.44 4.92 1.11 30.59 4.98 -53.94 -1.19 -0.78 -0.86 0
-7.44 4.92 1.19 34.44 2.76 -50.34 -0.37 1.08 -0.58 0
-7.44 4.92 1.11 30.59 4.98 -53.94 -1.19 -0.78 -0.86 0
-7.44 4.92 1.19 34.44 2.76 -50.34 -0.37 1.08 -0.58 0
-7.44 4.92 1.11 30.59 4.98 -53.94 -1.19 -0.78 -0.86 0
-7.44 4.92 1.19 34.44 2.76 -50.34 -0.37 1.08 -0.58 0
-7.44 4.92 1.11 30.59 4.98 -53.94 -1.19 -0.78 -0.86 0
-7.44 4.92 1.19 34.44 2.76 -50.34 -0.37 1.08 -0.58 0
-7.44 4.92 1.11 30.59 4.98 -53.94 -1.19 -0.78 -0.86 0
-7.44 4.92 1.19 34.44 2.76 -50.34 -0.37 1.08 -0.58 0
-7.44 4.92 1.11 30.59 4.98 -53.94 -1.19 -0.78 -0.86 0
-7.44 4.92 1.19 34.44 2.76 -50.34 -0.37 1.08 -0.58 0
-7.44 4.92 1.11 30.59 4.98 -53.94 -1.19 -0.78 -0.86 0
-7.44 4.92 1.19 34.44 2.76 -50.34 -0.37 1.08 -0.58 0
-7.44 4.92 1.11 30.59 4.98 -53.94 -1.19 -0.78 -0.86 0
-7.44 4.92 1.19 34.44 2.76 -50.34 -0.37 1.08 -0.58 0
-7.44 4.92 1.11 30.59 4.98 -53.94 -1.19 -0.78 -0.86 0
-7.44 4.92 1.19 34.44 2.76 -50.34 -0.37 1.08 -0.58 0
-7.44 4.92 1.11 30.59 4.98 -53.94 -1.19 -0.78 -0.86 0
-7.44 4.92 1.19 34.44 2.76 -50.34 -0.37 1.08 -0.58 0
-7.44 4.92 1.11 30.59 4.98 -53.94 -1.19 -0.78 -0.86 0
-7.44 4.92 1.19 34.44 2.76 -50.34 -0.37 1.08 -0.58 0
-7.44 4.92 1.11 30.59 4.98 -53.94 -1.19 -0.78 -0.86 0
-7.44 4.92 1.19 34.44 2.76 -50.34 -0.37 1.08 -0.58 0
-7.44 4.92 1.11 30.59 4.98 -53.94 -1.19 -0.78 -0.86 0
-7.44 4.92 1.19 34.44 2.76 -50.34 -0.37 1.08 -0.58 0
-7.44 4.92 1.11 30.59 4.98 -53.94 -1.19 -0.78 -0.86 0
-7.44 4.92 1.19 34.44 2.76 -50.34 -0.37 1.08 -0.58 0
-7.44 4.92 1.11 30.59 4.98 -53.94 -1.19 -0.78 -0.86 0
-7.44 4.92 1.19 34.44 2.76 -50.34 -0.37 1.08 -0.58 0
-7.44 4.92 1.11 30.59 4.98 -53.94 -1.19 -0.78 -0.86 0
-7.44 4.92 1.19 34.44 2.76 -50.34 -0.37 1.08 -0.58 0
-7.44 4.92 1.11 30.59 4.98 -53.94 -1.19 -0.78 -0.86 0
-7.44 4.92 1.19 34.44 2.76 -50.34 -0.37 1.08 -0.58 0
-7.44 4.92 1.11 30.59 4.98 -53.94 -1.19 -0.78 -0.86 0
-7.44 4.92 1.19 34.44 2.76 -50.34 -0.37 1.08 -0.58 0
-7.44 4.92 1.11 30.59 4.98 -53.94 -1.19 -0.78 -0.86 0